Node Number = 612
Cell Number = 1012
1 6 1 5 1
2 7 5 1 2
3 2 7 1 3
4 7 2 8 4
5 8 2 3 5
6 8 3 9 6
7 4 9 3 7
8 9 4 10 8
9 10 4 11 9
10 12 6 5 10
11 5 13 12 11
12 13 5 14 12
13 7 14 5 13
14 7 15 14 14
15 8 15 7 15
16 9 15 8 16
17 9 16 15 17
18 17 16 9 18
19 9 10 17 19
20 17 10 18 20
21 18 10 11 21
22 12 13 19 22
23 13 20 19 23
24 13 21 20 24
25 13 14 21 25
26 14 15 21 26
27 16 21 15 27
28 22 21 16 28
29 23 22 16 29
30 23 16 17 30
31 23 17 24 31
32 24 17 18 32
33 25 19 20 33
34 20 26 25 34
35 26 20 27 35
36 21 27 20 36
37 21 22 27 37
38 22 28 27 38
39 22 29 28 39
40 23 29 22 40
41 23 30 29 41
42 30 23 24 42
43 25 26 31 43
44 26 32 31 44
45 26 33 32 45
46 26 27 33 46
47 33 27 28 47
48 34 33 28 48
49 35 34 28 49
50 35 28 29 50
51 35 29 36 51
52 36 29 30 52
53 37 31 32 53
54 32 38 37 54
55 38 32 39 55
56 32 33 39 56
57 33 34 39 57
58 39 34 40 58
59 41 40 34 59
60 41 34 35 60
61 35 42 41 61
62 42 35 36 62
63 37 38 43 63
64 38 44 43 64
65 38 45 44 65
66 38 39 45 66
67 40 45 39 67
68 46 45 40 68
69 46 40 47 69
70 47 40 41 70
71 47 41 48 71
72 48 41 42 72
73 49 43 44 73
74 44 50 49 74
75 50 44 51 75
76 45 51 44 76
77 46 51 45 77
78 46 52 51 78
79 53 52 46 79
80 53 46 47 80
81 53 47 54 81
82 54 47 48 82
83 55 49 50 83
84 50 56 55 84
85 56 50 57 85
86 57 50 51 86
87 52 57 51 87
88 57 52 58 88
89 58 52 59 89
90 53 59 52 90
91 53 60 59 91
92 60 53 54 92
93 55 56 61 93
94 56 62 61 94
95 56 63 62 95
96 56 57 63 96
97 57 58 63 97
98 58 64 63 98
99 58 65 64 99
100 65 58 59 100
101 65 59 66 101
102 66 59 60 102
103 67 61 62 103
104 62 68 67 104
105 68 62 69 105
106 62 63 69 106
107 63 64 69 107
108 70 69 64 108
109 70 64 71 109
110 71 64 65 110
111 65 72 71 111
112 66 72 65 112
113 67 68 73 113
114 68 74 73 114
115 68 75 74 115
116 75 68 69 116
117 70 75 69 117
118 75 70 76 118
119 77 76 70 119
120 77 70 71 120
121 77 71 78 121
122 71 72 78 122
123 79 73 74 123
124 74 80 79 124
125 80 74 81 125
126 74 75 81 126
127 75 76 81 127
128 76 82 81 128
129 83 82 76 129
130 83 76 77 130
131 83 77 84 131
132 77 78 84 132
133 85 79 80 133
134 80 86 85 134
135 86 80 87 135
136 87 80 81 136
137 82 87 81 137
138 88 87 82 138
139 89 88 82 139
140 89 82 83 140
141 83 90 89 141
142 84 90 83 142
143 85 86 91 143
144 86 92 91 144
145 86 93 92 145
146 86 87 93 146
147 88 93 87 147
148 94 93 88 148
149 88 95 94 149
150 95 88 89 150
151 95 89 96 151
152 96 89 90 152
153 97 91 92 153
154 92 98 97 154
155 98 92 99 155
156 99 92 93 156
157 93 94 99 157
158 99 94 100 158
159 100 94 101 159
160 101 94 95 160
161 95 102 101 161
162 102 95 96 162
163 97 98 103 163
164 98 104 103 164
165 98 105 104 165
166 98 99 105 166
167 105 99 100 167
168 106 105 100 168
169 106 100 107 169
170 107 100 101 170
171 107 101 108 171
172 108 101 102 172
173 109 103 104 173
174 104 110 109 174
175 110 104 111 175
176 111 104 105 176
177 105 106 111 177
178 106 112 111 178
179 106 113 112 179
180 113 106 107 180
181 113 107 114 181
182 114 107 108 182
183 115 109 110 183
184 110 116 115 184
185 116 110 117 185
186 117 110 111 186
187 112 117 111 187
188 117 112 118 188
189 119 118 112 189
190 112 113 119 190
191 113 120 119 191
192 120 113 114 192
193 115 116 121 193
194 121 116 122 194
195 116 123 122 195
196 123 116 117 196
197 117 118 123 197
198 118 124 123 198
199 118 125 124 199
200 125 118 119 200
201 119 126 125 201
202 126 119 120 202
203 127 121 122 203
204 128 127 122 204
205 128 122 129 205
206 123 129 122 206
207 123 124 129 207
208 130 129 124 208
209 124 131 130 209
210 131 124 125 210
211 131 125 132 211
212 132 125 126 212
213 127 128 133 213
214 134 133 128 214
215 128 135 134 215
216 128 129 135 216
217 130 135 129 217
218 135 130 136 218
219 137 136 130 219
220 131 137 130 220
221 131 138 137 221
222 138 131 132 222
223 139 133 134 223
224 134 140 139 224
225 140 134 141 225
226 141 134 135 226
227 135 136 141 227
228 136 142 141 228
229 136 143 142 229
230 137 143 136 230
231 143 137 144 231
232 144 137 138 232
233 139 140 145 233
234 146 145 140 234
235 140 147 146 235
236 141 147 140 236
237 147 141 142 237
238 148 147 142 238
239 142 149 148 239
240 149 142 143 240
241 149 143 150 241
242 150 143 144 242
243 151 145 146 243
244 152 151 146 244
245 152 146 153 245
246 153 146 147 246
247 153 147 148 247
248 153 148 154 248
249 155 154 148 249
250 148 149 155 250
251 156 155 149 251
252 156 149 150 252
253 151 152 157 253
254 158 157 152 254
255 158 152 159 255
256 159 152 153 256
257 153 154 159 257
258 154 160 159 258
259 161 160 154 259
260 155 161 154 260
261 162 161 155 261
262 156 162 155 262
263 163 157 158 263
264 164 163 158 264
265 165 164 158 265
266 159 165 158 266
267 165 159 160 267
268 166 165 160 268
269 166 160 167 269
270 161 167 160 270
271 167 161 168 271
272 162 168 161 272
273 164 169 163 273
274 164 170 169 274
275 170 164 171 275
276 165 171 164 276
277 171 165 166 277
278 172 171 166 278
279 173 172 166 279
280 167 173 166 280
281 174 173 167 281
282 168 174 167 282
283 175 169 170 283
284 170 176 175 284
285 170 177 176 285
286 177 170 171 286
287 171 172 177 287
288 177 172 178 288
289 172 179 178 289
290 173 179 172 290
291 180 179 173 291
292 174 180 173 292
293 176 181 175 293
294 176 182 181 294
295 183 182 176 295
296 177 183 176 296
297 183 177 178 297
298 178 184 183 298
299 184 178 185 299
300 179 185 178 300
301 186 185 179 301
302 180 186 179 302
303 187 181 182 303
304 182 188 187 304
305 189 188 182 305
306 183 189 182 306
307 184 189 183 307
308 190 189 184 308
309 190 184 191 309
310 185 191 184 310
311 191 185 192 311
312 186 192 185 312
313 188 193 187 313
314 188 194 193 314
315 194 188 195 315
316 188 189 195 316
317 189 190 195 317
318 195 190 196 318
319 196 190 197 319
320 191 197 190 320
321 197 191 198 321
322 191 192 198 322
323 194 199 193 323
324 194 200 199 324
325 200 194 201 325
326 195 201 194 326
327 196 201 195 327
328 196 202 201 328
329 203 202 196 329
330 197 203 196 330
331 203 197 204 331
332 198 204 197 332
333 205 199 200 333
334 200 206 205 334
335 200 207 206 335
336 207 200 201 336
337 201 202 207 337
338 208 207 202 338
339 208 202 209 339
340 203 209 202 340
341 203 210 209 341
342 204 210 203 342
343 206 211 205 343
344 206 212 211 344
345 212 206 213 345
346 207 213 206 346
347 208 213 207 347
348 213 208 214 348
349 208 215 214 349
350 209 215 208 350
351 215 209 216 351
352 210 216 209 352
353 217 211 212 353
354 212 218 217 354
355 212 219 218 355
356 213 219 212 356
357 219 213 214 357
358 214 220 219 358
359 220 214 221 359
360 215 221 214 360
361 215 222 221 361
362 216 222 215 362
363 218 223 217 363
364 218 224 223 364
365 224 218 225 365
366 225 218 219 366
367 225 219 220 367
368 226 225 220 368
369 227 226 220 369
370 221 227 220 370
371 227 221 228 371
372 222 228 221 372
373 224 229 223 373
374 224 230 229 374
375 224 231 230 375
376 224 225 231 376
377 231 225 226 377
378 231 226 232 378
379 232 226 233 379
380 227 233 226 380
381 227 234 233 381
382 228 234 227 382
383 229 230 235 383
384 230 236 235 384
385 236 230 237 385
386 231 237 230 386
387 231 232 237 387
388 238 237 232 388
389 239 238 232 389
390 233 239 232 390
391 239 233 240 391
392 234 240 233 392
393 235 236 241 393
394 236 242 241 394
395 242 236 243 395
396 236 237 243 396
397 243 237 238 397
398 244 243 238 398
399 245 244 238 399
400 239 245 238 400
401 245 239 246 401
402 240 246 239 402
403 247 241 242 403
404 242 248 247 404
405 242 249 248 405
406 243 249 242 406
407 244 249 243 407
408 250 249 244 408
409 250 244 251 409
410 245 251 244 410
411 245 252 251 411
412 246 252 245 412
413 248 253 247 413
414 248 254 253 414
415 254 248 255 415
416 255 248 249 416
417 250 255 249 417
418 255 250 256 418
419 250 257 256 419
420 251 257 250 420
421 257 251 258 421
422 252 258 251 422
423 259 253 254 423
424 254 260 259 424
425 254 261 260 425
426 254 255 261 426
427 256 261 255 427
428 256 262 261 428
429 263 262 256 429
430 257 263 256 430
431 257 264 263 431
432 258 264 257 432
433 260 265 259 433
434 260 266 265 434
435 266 260 267 435
436 267 260 261 436
437 267 261 262 437
438 268 267 262 438
439 269 268 262 439
440 263 269 262 440
441 269 263 270 441
442 264 270 263 442
443 266 271 265 443
444 266 272 271 444
445 272 266 273 445
446 273 266 267 446
447 268 273 267 447
448 273 268 274 448
449 274 268 275 449
450 269 275 268 450
451 275 269 276 451
452 270 276 269 452
453 277 271 272 453
454 272 278 277 454
455 272 279 278 455
456 273 279 272 456
457 273 274 279 457
458 279 274 280 458
459 274 281 280 459
460 275 281 274 460
461 275 282 281 461
462 276 282 275 462
463 278 283 277 463
464 278 284 283 464
465 284 278 285 465
466 285 278 279 466
467 285 279 280 467
468 286 285 280 468
469 287 286 280 469
470 281 287 280 470
471 287 281 288 471
472 282 288 281 472
473 289 283 284 473
474 284 290 289 474
475 284 291 290 475
476 285 291 284 476
477 291 285 286 477
478 291 286 292 478
479 292 286 293 479
480 287 293 286 480
481 287 294 293 481
482 288 294 287 482
483 290 295 289 483
484 290 296 295 484
485 296 290 297 485
486 291 297 290 486
487 291 292 297 487
488 297 292 298 488
489 299 298 292 489
490 293 299 292 490
491 299 293 300 491
492 294 300 293 492
493 296 301 295 493
494 296 302 301 494
495 302 296 303 495
496 297 303 296 496
497 303 297 298 497
498 298 304 303 498
499 298 305 304 499
500 299 305 298 500
501 305 299 306 501
502 300 306 299 502
503 301 302 307 503
504 302 308 307 504
505 302 309 308 505
506 302 303 309 506
507 304 309 303 507
508 309 304 310 508
509 310 304 311 509
510 305 311 304 510
511 305 312 311 511
512 305 306 312 512
513 313 307 308 513
514 308 314 313 514
515 314 308 315 515
516 315 308 309 516
517 310 315 309 517
518 315 310 316 518
519 316 310 317 519
520 311 317 310 520
521 317 311 318 521
522 318 311 312 522
523 313 314 319 523
524 314 320 319 524
525 314 321 320 525
526 314 315 321 526
527 315 316 321 527
528 322 321 316 528
529 316 323 322 529
530 317 323 316 530
531 317 324 323 531
532 324 317 318 532
533 325 319 320 533
534 320 326 325 534
535 326 320 327 535
536 320 321 327 536
537 321 322 327 537
538 328 327 322 538
539 329 328 322 539
540 323 329 322 540
541 329 323 330 541
542 330 323 324 542
543 325 326 331 543
544 326 332 331 544
545 326 333 332 545
546 333 326 327 546
547 333 327 328 547
548 333 328 334 548
549 335 334 328 549
550 329 335 328 550
551 329 336 335 551
552 336 329 330 552
553 337 331 332 553
554 332 338 337 554
555 338 332 339 555
556 339 332 333 556
557 339 333 334 557
558 339 334 340 558
559 341 340 334 559
560 335 341 334 560
561 341 335 342 561
562 342 335 336 562
563 337 338 343 563
564 338 344 343 564
565 338 345 344 565
566 338 339 345 566
567 339 340 345 567
568 346 345 340 568
569 340 347 346 569
570 341 347 340 570
571 341 348 347 571
572 348 341 342 572
573 349 343 344 573
574 344 350 349 574
575 350 344 351 575
576 344 345 351 576
577 351 345 346 577
578 351 346 352 578
579 352 346 353 579
580 347 353 346 580
581 353 347 354 581
582 354 347 348 582
583 355 349 350 583
584 350 356 355 584
585 356 350 357 585
586 357 350 351 586
587 357 351 352 587
588 358 357 352 588
589 358 352 359 589
590 353 359 352 590
591 359 353 360 591
592 360 353 354 592
593 355 356 361 593
594 356 362 361 594
595 356 363 362 595
596 357 363 356 596
597 357 358 363 597
598 358 364 363 598
599 365 364 358 599
600 359 365 358 600
601 359 366 365 601
602 366 359 360 602
603 367 361 362 603
604 362 368 367 604
605 368 362 369 605
606 369 362 363 606
607 369 363 364 607
608 370 369 364 608
609 370 364 371 609
610 365 371 364 610
611 371 365 372 611
612 366 372 365 612
613 367 368 373 613
614 368 374 373 614
615 368 375 374 615
616 375 368 369 616
617 375 369 370 617
618 370 376 375 618
619 370 377 376 619
620 371 377 370 620
621 371 378 377 621
622 371 372 378 622
623 379 373 374 623
624 374 380 379 624
625 380 374 381 625
626 375 381 374 626
627 375 376 381 627
628 376 382 381 628
629 383 382 376 629
630 377 383 376 630
631 383 377 384 631
632 377 378 384 632
633 385 379 380 633
634 380 386 385 634
635 386 380 387 635
636 387 380 381 636
637 387 381 382 637
638 388 387 382 638
639 382 389 388 639
640 383 389 382 640
641 389 383 390 641
642 384 390 383 642
643 385 386 391 643
644 386 392 391 644
645 386 393 392 645
646 393 386 387 646
647 393 387 388 647
648 394 393 388 648
649 394 388 395 649
650 389 395 388 650
651 389 396 395 651
652 396 389 390 652
653 397 391 392 653
654 392 398 397 654
655 398 392 399 655
656 393 399 392 656
657 393 394 399 657
658 400 399 394 658
659 401 400 394 659
660 395 401 394 660
661 401 395 402 661
662 402 395 396 662
663 397 398 403 663
664 398 404 403 664
665 398 405 404 665
666 398 399 405 666
667 405 399 400 667
668 400 406 405 668
669 400 407 406 669
670 401 407 400 670
671 401 408 407 671
672 408 401 402 672
673 409 403 404 673
674 404 410 409 674
675 410 404 411 675
676 411 404 405 676
677 406 411 405 677
678 412 411 406 678
679 412 406 413 679
680 407 413 406 680
681 413 407 414 681
682 414 407 408 682
683 415 409 410 683
684 410 416 415 684
685 416 410 417 685
686 417 410 411 686
687 417 411 412 687
688 418 417 412 688
689 412 419 418 689
690 413 419 412 690
691 419 413 420 691
692 420 413 414 692
693 415 416 421 693
694 421 416 422 694
695 416 423 422 695
696 417 423 416 696
697 417 418 423 697
698 423 418 424 698
699 424 418 425 699
700 418 419 425 700
701 419 426 425 701
702 426 419 420 702
703 427 421 422 703
704 428 427 422 704
705 422 429 428 705
706 422 423 429 706
707 429 423 424 707
708 430 429 424 708
709 430 424 431 709
710 424 425 431 710
711 431 425 432 711
712 432 425 426 712
713 427 428 433 713
714 433 428 434 714
715 434 428 435 715
716 435 428 429 716
717 435 429 430 717
718 430 436 435 718
719 430 437 436 719
720 437 430 431 720
721 431 438 437 721
722 438 431 432 722
723 439 433 434 723
724 440 439 434 724
725 434 441 440 725
726 434 435 441 726
727 435 436 441 727
728 436 442 441 728
729 442 436 443 729
730 437 443 436 730
731 443 437 444 731
732 444 437 438 732
733 439 440 445 733
734 446 445 440 734
735 446 440 447 735
736 447 440 441 736
737 447 441 442 737
738 448 447 442 738
739 448 442 449 739
740 443 449 442 740
741 450 449 443 741
742 450 443 444 742
743 451 445 446 743
744 452 451 446 744
745 452 446 453 745
746 453 446 447 746
747 448 453 447 747
748 448 454 453 748
749 455 454 448 749
750 449 455 448 750
751 456 455 449 751
752 450 456 449 752
753 451 452 457 753
754 457 452 458 754
755 458 452 459 755
756 459 452 453 756
757 454 459 453 757
758 454 460 459 758
759 461 460 454 759
760 455 461 454 760
761 461 455 462 761
762 456 462 455 762
763 458 463 457 763
764 458 464 463 764
765 458 465 464 765
766 459 465 458 766
767 465 459 460 767
768 466 465 460 768
769 466 460 467 769
770 461 467 460 770
771 468 467 461 771
772 462 468 461 772
773 464 469 463 773
774 464 470 469 774
775 464 471 470 775
776 471 464 465 776
777 466 471 465 777
778 472 471 466 778
779 466 473 472 779
780 467 473 466 780
781 474 473 467 781
782 468 474 467 782
783 475 469 470 783
784 470 476 475 784
785 477 476 470 785
786 477 470 471 786
787 472 477 471 787
788 477 472 478 788
789 479 478 472 789
790 473 479 472 790
791 480 479 473 791
792 474 480 473 792
793 476 481 475 793
794 476 482 481 794
795 483 482 476 795
796 477 483 476 796
797 483 477 478 797
798 478 484 483 798
799 485 484 478 799
800 479 485 478 800
801 485 479 486 801
802 480 486 479 802
803 487 481 482 803
804 482 488 487 804
805 489 488 482 805
806 483 489 482 806
807 484 489 483 807
808 490 489 484 808
809 490 484 491 809
810 485 491 484 810
811 485 492 491 811
812 486 492 485 812
813 488 493 487 813
814 488 494 493 814
815 488 495 494 815
816 488 489 495 816
817 490 495 489 817
818 490 496 495 818
819 497 496 490 819
820 491 497 490 820
821 497 491 498 821
822 491 492 498 822
823 494 499 493 823
824 494 500 499 824
825 500 494 501 825
826 494 495 501 826
827 496 501 495 827
828 502 501 496 828
829 503 502 496 829
830 497 503 496 830
831 497 504 503 831
832 498 504 497 832
833 505 499 500 833
834 500 506 505 834
835 507 506 500 835
836 507 500 501 836
837 502 507 501 837
838 508 507 502 838
839 502 509 508 839
840 503 509 502 840
841 509 503 510 841
842 504 510 503 842
843 506 511 505 843
844 506 512 511 844
845 512 506 513 845
846 507 513 506 846
847 508 513 507 847
848 508 514 513 848
849 515 514 508 849
850 509 515 508 850
851 509 516 515 851
852 510 516 509 852
853 517 511 512 853
854 512 518 517 854
855 519 518 512 855
856 513 519 512 856
857 514 519 513 857
858 520 519 514 858
859 520 514 521 859
860 515 521 514 860
861 521 515 522 861
862 516 522 515 862
863 518 523 517 863
864 518 524 523 864
865 524 518 525 865
866 525 518 519 866
867 519 520 525 867
868 525 520 526 868
869 527 526 520 869
870 521 527 520 870
871 521 528 527 871
872 522 528 521 872
873 524 529 523 873
874 524 530 529 874
875 531 530 524 875
876 525 531 524 876
877 526 531 525 877
878 532 531 526 878
879 526 533 532 879
880 527 533 526 880
881 533 527 534 881
882 528 534 527 882
883 529 530 535 883
884 530 536 535 884
885 536 530 537 885
886 531 537 530 886
887 532 537 531 887
888 532 538 537 888
889 538 532 539 889
890 533 539 532 890
891 539 533 540 891
892 534 540 533 892
893 536 541 535 893
894 536 542 541 894
895 543 542 536 895
896 543 536 537 896
897 543 537 538 897
898 538 544 543 898
899 544 538 545 899
900 539 545 538 900
901 539 546 545 901
902 540 546 539 902
903 541 542 547 903
904 542 548 547 904
905 549 548 542 905
906 543 549 542 906
907 544 549 543 907
908 550 549 544 908
909 551 550 544 909
910 545 551 544 910
911 551 545 552 911
912 546 552 545 912
913 553 547 548 913
914 548 554 553 914
915 555 554 548 915
916 549 555 548 916
917 550 555 549 917
918 555 550 556 918
919 556 550 557 919
920 551 557 550 920
921 551 558 557 921
922 552 558 551 922
923 554 559 553 923
924 554 560 559 924
925 561 560 554 925
926 554 555 561 926
927 556 561 555 927
928 556 562 561 928
929 556 563 562 929
930 557 563 556 930
931 563 557 564 931
932 558 564 557 932
933 565 559 560 933
934 560 566 565 934
935 566 560 567 935
936 560 561 567 936
937 562 567 561 937
938 567 562 568 938
939 569 568 562 939
940 563 569 562 940
941 569 563 570 941
942 564 570 563 942
943 566 571 565 943
944 566 572 571 944
945 573 572 566 945
946 573 566 567 946
947 568 573 567 947
948 573 568 574 948
949 574 568 575 949
950 569 575 568 950
951 569 576 575 951
952 570 576 569 952
953 572 577 571 953
954 572 578 577 954
955 579 578 572 955
956 572 573 579 956
957 574 579 573 957
958 574 580 579 958
959 574 581 580 959
960 575 581 574 960
961 581 575 582 961
962 576 582 575 962
963 583 577 578 963
964 578 584 583 964
965 585 584 578 965
966 585 578 579 966
967 580 585 579 967
968 586 585 580 968
969 580 587 586 969
970 581 587 580 970
971 581 588 587 971
972 582 588 581 972
973 584 589 583 973
974 584 590 589 974
975 591 590 584 975
976 591 584 585 976
977 585 586 591 977
978 591 586 592 978
979 586 593 592 979
980 587 593 586 980
981 593 587 594 981
982 588 594 587 982
983 595 589 590 983
984 590 596 595 984
985 590 597 596 985
986 590 591 597 986
987 598 597 591 987
988 598 591 592 988
989 598 592 599 989
990 593 599 592 990
991 599 593 600 991
992 594 600 593 992
993 596 601 595 993
994 596 602 601 994
995 596 603 602 995
996 596 604 603 996
997 596 597 604 997
998 604 597 605 998
999 598 605 597 999
1000 605 598 606 1000
1001 598 599 606 1001
1002 607 606 599 1002
1003 599 608 607 1003
1004 600 608 599 1004
1005 604 609 603 1005
1006 604 605 609 1006
1007 609 605 610 1007
1008 606 610 605 1008
1009 606 611 610 1009
1010 606 607 611 1010
1011 612 611 607 1011
1012 612 607 608 1012
1 378814.059547 3873848.693318 50.000000
2 378996.579742 3873846.268222 50.000000
3 379179.099886 3873843.846783 50.000000
4 379361.619979 3873841.429001 50.000000
5 378794.682796 3874045.756089 50.000000
6 378631.539301 3873851.122070 50.000000
7 378972.186869 3874037.052090 50.000000
8 379111.935494 3874037.637639 50.000000
9 379265.879300 3874028.053929 50.000000
10 379409.409883 3874010.956733 50.000000
11 379544.140022 3873839.014877 50.000000
12 378634.493209 3874072.935116 50.000000
13 378793.971774 3874266.796984 50.000000
14 378955.030912 3874222.859244 50.000000
15 379115.568463 3874215.181948 50.000000
16 379233.504869 3874319.430513 50.000000
17 379402.845323 3874211.519869 50.000000
18 379547.071708 3874060.827613 50.000000
19 378637.447265 3874294.748231 50.000000
20 378802.358271 3874485.598256 50.000000
21 379000.770024 3874423.072371 50.000000
22 379203.239355 3874542.504503 50.000000
23 379390.064598 3874418.199728 50.000000
24 379550.003541 3874282.640420 50.000000
25 378640.401469 3874516.561415 50.000000
26 378803.024707 3874707.242158 50.000000
27 378993.490633 3874651.543718 50.000000
28 379206.902687 3874763.753366 50.000000
29 379392.607704 3874637.910307 50.000000
30 379552.935521 3874504.453295 50.000000
31 378643.355821 3874738.374668 50.000000
32 378806.067720 3874929.142929 50.000000
33 378997.260571 3874873.556711 50.000000
34 379209.839524 3874985.267060 50.000000
35 379396.073747 3874858.385222 50.000000
36 379555.867648 3874726.266240 50.000000
37 378646.310322 3874960.187991 50.000000
38 378809.018153 3875150.934076 50.000000
39 379000.203201 3875095.114873 50.000000
40 379212.777095 3875206.825187 50.000000
41 379399.009748 3875080.176150 50.000000
42 379558.799922 3874948.079254 50.000000
43 378649.264971 3875182.001383 50.000000
44 378811.968734 3875372.725293 50.000000
45 379003.145980 3875316.673104 50.000000
46 379215.715108 3875428.405564 50.000000
47 379401.945750 3875301.956057 50.000000
48 379561.732344 3875169.892338 50.000000
49 378652.219767 3875403.814844 50.000000
50 378814.919316 3875594.505488 50.000000
51 379006.089200 3875538.253585 50.000000
52 379218.653268 3875649.986010 50.000000
53 379404.881898 3875523.736032 50.000000
54 379564.664912 3875391.705491 50.000000
55 378655.174712 3875625.628375 50.000000
56 378817.870046 3875816.285752 50.000000
57 379009.032420 3875759.823045 50.000000
58 379221.591575 3875871.566525 50.000000
59 379407.818341 3875745.527168 50.000000
60 379567.597627 3875613.518713 50.000000
61 378658.129806 3875847.441975 50.000000
62 378820.821071 3876038.077177 50.000000
63 379011.975935 3875981.403665 50.000000
64 379224.530030 3876093.147109 50.000000
65 379410.754783 3875967.307283 50.000000
66 379570.530490 3875835.332005 50.000000
67 378661.085047 3876069.255644 50.000000
68 378823.772096 3876259.857580 50.000000
69 379014.919597 3876202.984354 50.000000
70 379227.468631 3876314.727763 50.000000
71 379413.691373 3876189.087467 50.000000
72 379573.463499 3876057.145366 50.000000
73 378664.040436 3876291.069382 50.000000
74 378826.723417 3876481.649143 50.000000
75 379017.863260 3876424.554022 50.000000
76 379230.407380 3876536.308486 50.000000
77 379416.628111 3876410.867720 50.000000
78 379576.396655 3876278.958796 50.000000
79 378666.995974 3876512.883190 50.000000
80 378829.674738 3876703.429685 50.000000
81 379020.807217 3876646.134849 50.000000
82 379233.346275 3876757.889278 50.000000
83 379419.565142 3876632.659134 50.000000
84 379579.329959 3876500.772296 50.000000
85 378669.951660 3876734.697067 50.000000
86 378832.626207 3876925.210296 50.000000
87 379023.751321 3876867.715746 50.000000
88 379236.285318 3876979.470139 50.000000
89 379422.502173 3876854.439525 50.000000
90 379582.263409 3876722.585865 50.000000
91 378672.907493 3876956.511014 50.000000
92 378835.577972 3877147.002067 50.000000
93 379026.695426 3877089.285621 50.000000
94 379239.224508 3877201.051069 50.000000
95 379425.439352 3877076.219987 50.000000
96 379585.197007 3876944.399503 50.000000
97 378675.863475 3877178.325029 50.000000
98 378838.529737 3877368.782816 50.000000
99 379029.639825 3877310.866656 50.000000
100 379242.163845 3877422.632069 50.000000
101 379428.376678 3877298.000517 50.000000
102 379588.130751 3877166.213211 50.000000
103 378678.819605 3877400.139114 50.000000
104 378841.481797 3877590.574726 50.000000
105 379032.584372 3877532.447760 50.000000
106 379245.103329 3877644.213138 50.000000
107 379431.314298 3877519.792208 50.000000
108 379591.064643 3877388.026988 50.000000
109 378681.775884 3877621.953269 50.000000
110 378844.433858 3877812.355614 50.000000
111 379035.528919 3877754.017842 50.000000
112 379248.042961 3877865.794276 50.000000
113 379434.251918 3877741.572877 50.000000
114 379593.998681 3877609.840835 50.000000
115 378684.732310 3877843.767492 50.000000
116 378847.386066 3878034.136572 50.000000
117 379038.473760 3877975.599085 50.000000
118 379250.982739 3878087.375483 50.000000
119 379437.189686 3877963.353616 50.000000
120 379596.932867 3877831.654751 50.000000
121 378687.688884 3878065.581785 50.000000
122 378850.338570 3878255.928689 50.000000
123 379041.418749 3878197.180397 50.000000
124 379253.922665 3878308.956759 50.000000
125 379440.127600 3878185.134424 50.000000
126 379599.867199 3878053.468736 50.000000
127 378690.645607 3878287.396148 50.000000
128 378853.291075 3878477.709785 50.000000
129 379044.363738 3878418.750687 50.000000
130 379256.862590 3878530.527014 50.000000
131 379443.065809 3878406.926392 50.000000
132 379602.801679 3878275.282790 50.000000
133 378693.602478 3878509.210579 50.000000
134 378856.243727 3878699.490951 50.000000
135 379047.309021 3878640.332137 50.000000
136 379259.802810 3878752.108429 50.000000
137 379446.004018 3878628.707339 50.000000
138 379605.736305 3878497.096915 50.000000
139 378696.559496 3878731.025080 50.000000
140 378859.196675 3878921.283276 50.000000
141 379050.254452 3878861.913656 50.000000
142 379262.743177 3878973.689913 50.000000
143 379448.942374 3878850.488355 50.000000
144 379608.671079 3878718.911108 50.000000
145 378699.516663 3878952.839650 50.000000
146 378862.149622 3879143.064580 50.000000
147 379053.199883 3879083.484154 50.000000
148 379265.683691 3879195.271466 50.000000
149 379451.880877 3879072.269440 50.000000
150 379611.605999 3878940.725371 50.000000
151 378702.473978 3879174.654290 50.000000
152 378865.102866 3879364.857044 50.000000
153 379056.145608 3879305.065812 50.000000
154 379268.624352 3879416.853089 50.000000
155 379454.819674 3879294.061685 50.000000
156 379614.541067 3879162.539703 50.000000
157 378705.431441 3879396.468999 50.000000
158 378868.056109 3879586.638487 50.000000
159 379059.091481 3879526.647538 50.000000
160 379271.565160 3879638.434780 50.000000
161 379457.758471 3879515.842910 50.000000
162 379617.476281 3879384.354105 50.000000
163 378708.389052 3879618.283777 50.000000
164 378871.009501 3879808.419999 50.000000
165 379062.037354 3879748.218244 50.000000
166 379274.506115 3879860.016541 50.000000
167 379460.697416 3879737.624203 50.000000
168 379620.411643 3879606.168575 50.000000
169 378711.346812 3879840.098625 50.000000
170 378873.963188 3880030.212671 50.000000
171 379064.983522 3879969.800109 50.000000
172 379277.447218 3880081.598371 50.000000
173 379463.636507 3879959.405566 50.000000
174 379623.347151 3879827.983116 50.000000
175 378714.304719 3880061.913541 50.000000
176 378876.916875 3880251.994322 50.000000
177 379067.929689 3880191.370953 50.000000
178 379280.388467 3880303.180271 50.000000
179 379466.575893 3880181.198089 50.000000
180 379626.282807 3880049.797726 50.000000
181 378717.262774 3880283.728528 50.000000
182 378879.870858 3880473.787133 50.000000
183 379070.876152 3880412.952957 50.000000
184 379283.329864 3880524.762239 50.000000
185 379469.515279 3880402.979590 50.000000
186 379629.218609 3880271.612405 50.000000
187 378720.220978 3880505.543583 50.000000
188 378882.824840 3880695.568922 50.000000
189 379073.822761 3880634.535029 50.000000
190 379286.271407 3880746.344277 50.000000
191 379472.454812 3880624.761161 50.000000
192 379632.154558 3880493.427153 50.000000
193 378723.179329 3880727.358708 50.000000
194 378885.778971 3880917.350781 50.000000
195 379076.769371 3880856.106081 50.000000
196 379289.213098 3880967.926384 50.000000
197 379475.394492 3880846.542801 50.000000
198 379635.090654 3880715.241971 50.000000
199 378726.137829 3880949.173902 50.000000
200 378888.733397 3881139.143799 50.000000
201 379079.716275 3881077.688292 50.000000
202 379292.154935 3881189.508560 50.000000
203 379478.243279 3881068.336810 50.000000
204 379638.026898 3880937.056858 50.000000
205 378729.096477 3881170.989166 50.000000
206 378891.687823 3881360.925797 50.000000
207 379082.663327 3881299.270573 50.000000
208 379295.096920 3881411.090806 50.000000
209 379481.183255 3881290.118589 50.000000
210 379640.963288 3881158.871815 50.000000
211 378732.055272 3881392.804499 50.000000
212 378894.642545 3881582.718954 50.000000
213 379085.610378 3881520.841832 50.000000
214 379298.039052 3881632.673121 50.000000
215 379484.123379 3881511.900438 50.000000
216 379643.899825 3881380.686841 50.000000
217 378735.014216 3881614.619901 50.000000
218 378897.597267 3881804.501090 50.000000
219 379088.557724 3881742.424251 50.000000
220 379300.981331 3881854.255505 50.000000
221 379487.063650 3881733.682356 50.000000
222 379646.836509 3881602.501937 50.000000
223 378737.973308 3881836.435373 50.000000
224 378900.552137 3882026.283295 50.000000
225 379091.505218 3881964.006739 50.000000
226 379304.014934 3882075.836747 50.000000
227 379490.004215 3881955.475434 50.000000
228 379649.773340 3881824.317102 50.000000
229 378740.932548 3882058.250914 50.000000
230 378903.507302 3882248.076661 50.000000
231 379094.452711 3882185.578206 50.000000
232 379306.957505 3882297.419269 50.000000
233 379492.944780 3882177.257490 50.000000
234 379652.710318 3882046.132336 50.000000
235 378743.891936 3882280.066524 50.000000
236 378906.462468 3882469.859005 50.000000
237 379097.400499 3882407.160832 50.000000
238 379309.900223 3882519.001861 50.000000
239 379495.885492 3882399.039616 50.000000
240 379655.647443 3882267.947640 50.000000
241 378746.851472 3882501.882203 50.000000
242 378909.417781 3882691.641418 50.000000
243 379100.348435 3882628.743528 50.000000
244 379312.843088 3882740.584522 50.000000
245 379498.826351 3882620.821811 50.000000
246 379658.584715 3882489.763013 50.000000
247 378749.811156 3882723.697952 50.000000
248 378912.373389 3882913.434992 50.000000
249 379103.296370 3882850.315203 50.000000
250 379315.786100 3882962.167252 50.000000
251 379501.767504 3882842.615167 50.000000
252 379661.522133 3882711.578455 50.000000
253 378752.770988 3882945.513771 50.000000
254 378915.328998 3883135.217544 50.000000
255 379106.244600 3883071.898037 50.000000
256 379318.729259 3883183.750052 50.000000
257 379504.708657 3883064.397501 50.000000
258 379664.459699 3882933.393967 50.000000
259 378755.730968 3883167.329658 50.000000
260 378918.284903 3883357.011256 50.000000
261 379109.192977 3883293.480941 50.000000
262 379321.672565 3883405.332920 50.000000
263 379507.649957 3883286.179904 50.000000
264 379667.397411 3883155.209549 50.000000
265 378758.691096 3883389.145616 50.000000
266 378921.240807 3883578.793947 50.000000
267 379112.141354 3883515.052823 50.000000
268 379324.616018 3883626.915858 50.000000
269 379510.591405 3883507.962377 50.000000
270 379670.335271 3883377.025200 50.000000
271 378761.651372 3883610.961642 50.000000
272 378924.196859 3883800.576707 50.000000
273 379115.090026 3883736.635865 50.000000
274 379327.559618 3883848.498865 50.000000
275 379513.533146 3883729.756010 50.000000
276 379673.273277 3883598.840920 50.000000
277 378764.611796 3883832.777738 50.000000
278 378927.153207 3884022.370627 50.000000
279 379118.038845 3883958.218976 50.000000
280 379330.503217 3884070.070851 50.000000
281 379516.474888 3883951.538622 50.000000
282 379676.211431 3883820.656709 50.000000
283 378767.572369 3884054.593903 50.000000
284 378930.109554 3884244.153526 50.000000
285 379120.987664 3884179.791066 50.000000
286 379333.447111 3884291.653996 50.000000
287 379519.416776 3884173.321303 50.000000
288 379679.149731 3884042.472569 50.000000
289 378770.533089 3884276.410137 50.000000
290 378933.066198 3884465.947585 50.000000
291 379123.936778 3884401.374316 50.000000
292 379336.391153 3884513.237211 50.000000
293 379522.358812 3884395.104053 50.000000
294 379682.088178 3884264.288497 50.000000
295 378773.493957 3884498.226441 50.000000
296 378936.022841 3884687.730622 50.000000
297 379126.886039 3884622.957635 50.000000
298 379339.335341 3884734.820496 50.000000
299 379525.300995 3884616.886873 50.000000
300 379685.026772 3884486.104495 50.000000
301 378776.454973 3884720.042814 50.000000
302 378938.979632 3884909.513729 50.000000
303 379129.835300 3884844.529932 50.000000
304 379342.279676 3884956.403849 50.000000
305 379528.243472 3884838.680853 50.000000
306 379687.965513 3884707.920562 50.000000
307 378779.416137 3884941.859257 50.000000
308 378941.936719 3885131.307996 50.000000
309 379132.784855 3885066.113390 50.000000
310 379345.224158 3885177.987272 50.000000
311 379531.185948 3885060.463811 50.000000
312 379690.904401 3884929.736699 50.000000
313 378782.377450 3885163.675769 50.000000
314 378944.893805 3885353.091242 50.000000
315 379135.734558 3885287.696917 50.000000
316 379348.168787 3885399.570764 50.000000
317 379534.128572 3885282.246839 50.000000
318 379693.843435 3885151.552905 50.000000
319 378785.338910 3885385.492350 50.000000
320 378947.851187 3885574.885647 50.000000
321 379138.684260 3885509.269422 50.000000
322 379351.113563 3885621.154325 50.000000
323 379537.071343 3885504.029937 50.000000
324 379696.782617 3885373.369181 50.000000
325 378788.300518 3885607.309001 50.000000
326 378950.808569 3885796.669032 50.000000
327 379141.634258 3885730.853087 50.000000
328 379354.058486 3885842.737955 50.000000
329 379540.014408 3885725.824194 50.000000
330 379699.721945 3885595.185526 50.000000
331 378791.262274 3885829.125721 50.000000
332 378953.766099 3886018.452485 50.000000
333 379144.584402 3885952.436822 50.000000
334 379357.003556 3886064.321655 50.000000
335 379542.957473 3885947.607430 50.000000
336 379702.661421 3885817.001940 50.000000
337 378794.224179 3886050.942511 50.000000
338 378956.723924 3886240.247099 50.000000
339 379147.534546 3886174.009535 50.000000
340 379359.948773 3886285.905424 50.000000
341 379545.900685 3886169.390736 50.000000
342 379705.601043 3886038.818424 50.000000
343 378797.186231 3886272.759370 50.000000
344 378959.681750 3886462.030692 50.000000
345 379150.484985 3886395.593408 50.000000
346 379362.894137 3886507.489262 50.000000
347 379548.844044 3886391.174111 50.000000
348 379708.540812 3886260.634978 50.000000
349 378800.148431 3886494.576298 50.000000
350 378962.639723 3886683.814354 50.000000
351 379153.435571 3886617.177350 50.000000
352 379365.839648 3886729.073170 50.000000
353 379551.787697 3886612.968646 50.000000
354 379711.480728 3886482.451601 50.000000
355 378803.110779 3886716.393296 50.000000
356 378965.597991 3886905.609176 50.000000
357 379156.386157 3886838.750271 50.000000
358 379368.785306 3886950.657147 50.000000
359 379554.731350 3886834.752160 50.000000
360 379714.420791 3886704.268293 50.000000
361 378806.073275 3886938.210363 50.000000
362 378968.556260 3887127.392976 50.000000
363 379159.337038 3887060.334352 50.000000
364 379371.731111 3887172.241193 50.000000
365 379557.675150 3887056.535743 50.000000
366 379717.361001 3886926.085055 50.000000
367 378809.035919 3887160.027499 50.000000
368 378971.514824 3887349.187937 50.000000
369 379162.288066 3887281.918502 50.000000
370 379374.677063 3887393.825309 50.000000
371 379560.619097 3887278.319396 50.000000
372 379720.301357 3887147.901886 50.000000
373 378811.998711 3887381.844705 50.000000
374 378974.473388 3887570.971876 50.000000
375 379165.239093 3887503.491630 50.000000
376 379377.623162 3887615.409493 50.000000
377 379563.563338 3887500.114209 50.000000
378 379723.241860 3887369.718786 50.000000
379 378814.961651 3887603.661980 50.000000
380 378977.432100 3887792.755885 50.000000
381 379168.190416 3887725.075919 50.000000
382 379380.569408 3887836.993747 50.000000
383 379566.507580 3887721.898001 50.000000
384 379726.182511 3887591.535756 50.000000
385 378817.924739 3887825.479325 50.000000
386 378980.391107 3888014.551054 50.000000
387 379171.141738 3887946.649186 50.000000
388 379383.515801 3888058.578070 50.000000
389 379569.451968 3887943.681862 50.000000
390 379729.123308 3887813.352796 50.000000
391 378820.887975 3888047.296739 50.000000
392 378983.350114 3888236.335202 50.000000
393 379174.093355 3888168.233613 50.000000
394 379386.462341 3888280.162463 50.000000
395 379572.396503 3888165.465792 50.000000
396 379732.064252 3888035.169905 50.000000
397 378823.851359 3888269.114222 50.000000
398 378986.309417 3888458.130509 50.000000
399 379177.045119 3888389.818110 50.000000
400 379389.409028 3888501.746925 50.000000
401 379575.341185 3888387.249792 50.000000
402 379735.005342 3888256.987083 50.000000
403 378826.814891 3888490.931775 50.000000
404 378989.268719 3888679.914796 50.000000
405 379179.996882 3888611.391584 50.000000
406 379392.355861 3888723.331456 50.000000
407 379578.286161 3888609.044952 50.000000
408 379737.946580 3888478.804331 50.000000
409 378829.778571 3888712.749397 50.000000
410 378992.228170 3888901.699151 50.000000
411 379182.948940 3888832.976219 50.000000
412 379395.302842 3888944.916057 50.000000
413 379581.231137 3888830.829090 50.000000
414 379740.887965 3888700.621649 50.000000
415 378832.742398 3888934.567089 50.000000
416 378995.187916 3889123.494667 50.000000
417 379185.901146 3889054.560924 50.000000
418 379398.249970 3889166.500726 50.000000
419 379584.176260 3889052.613299 50.000000
420 379743.829496 3888922.439035 50.000000
421 378835.706374 3889156.384849 50.000000
422 378998.147661 3889345.279162 50.000000
423 379188.853351 3889276.134606 50.000000
424 379401.197244 3889388.085465 50.000000
425 379587.121530 3889274.397576 50.000000
426 379746.771174 3889144.256492 50.000000
427 378838.670498 3889378.202680 50.000000
428 379001.107703 3889567.074817 50.000000
429 379191.805851 3889497.719449 50.000000
430 379404.144666 3889609.670274 50.000000
431 379590.067094 3889496.193014 50.000000
432 379749.712999 3889366.074017 50.000000
433 378841.634769 3889600.020580 50.000000
434 379004.067744 3889788.859450 50.000000
435 379194.758498 3889719.304361 50.000000
436 379407.092234 3889831.255151 50.000000
437 379593.012658 3889717.977430 50.000000
438 379752.654971 3889587.891613 50.000000
439 378844.599189 3889821.838549 50.000000
440 379007.027932 3890010.644152 50.000000
441 379197.711145 3889940.878252 50.000000
442 379410.039949 3890052.840098 50.000000
443 379595.958369 3889939.761916 50.000000
444 379755.597089 3889809.709277 50.000000
445 378847.563756 3890043.656588 50.000000
446 379009.988417 3890232.440015 50.000000
447 379200.664087 3890162.463303 50.000000
448 379412.987812 3890274.425114 50.000000
449 379598.904227 3890161.546471 50.000000
450 379758.539354 3890031.527011 50.000000
451 378850.528471 3890265.474696 50.000000
452 379012.948901 3890454.224857 50.000000
453 379203.617175 3890384.048423 50.000000
454 379415.935821 3890496.010200 50.000000
455 379601.850379 3890383.342187 50.000000
456 379761.481767 3890253.344815 50.000000
457 378853.493335 3890487.292873 50.000000
458 379015.909681 3890676.020859 50.000000
459 379206.570263 3890605.622521 50.000000
460 379418.883977 3890717.595355 50.000000
461 379604.796531 3890605.126881 50.000000
462 379764.424326 3890475.162688 50.000000
463 378856.458346 3890709.111120 50.000000
464 379018.870460 3890897.805839 50.000000
465 379209.523647 3890827.207780 50.000000
466 379421.832132 3890939.169488 50.000000
467 379607.742829 3890826.911645 50.000000
468 379767.367031 3890696.980631 50.000000
469 378859.423505 3890930.929436 50.000000
470 379021.831387 3891119.590889 50.000000
471 379212.477177 3891048.793108 50.000000
472 379424.780582 3891160.754782 50.000000
473 379610.689275 3891048.696478 50.000000
474 379770.309884 3890918.798643 50.000000
475 378862.388812 3891152.747822 50.000000
476 379024.792610 3891341.387099 50.000000
477 379215.430706 3891270.367414 50.000000
478 379427.729179 3891382.340144 50.000000
479 379613.635868 3891270.481380 50.000000
480 379773.252883 3891140.616724 50.000000
481 378865.354267 3891374.566277 50.000000
482 379027.753832 3891563.172287 50.000000
483 379218.384531 3891491.952880 50.000000
484 379430.677923 3891603.925576 50.000000
485 379616.582755 3891492.277443 50.000000
486 379776.196030 3891362.434875 50.000000
487 378868.319869 3891596.384802 50.000000
488 379030.715351 3891784.968636 50.000000
489 379221.338503 3891713.538416 50.000000
490 379433.626814 3891825.511078 50.000000
491 379619.529641 3891714.062485 50.000000
492 379779.139323 3891584.253096 50.000000
493 378871.285620 3891818.203396 50.000000
494 379033.676868 3892006.753964 50.000000
495 379224.292474 3891935.112930 50.000000
496 379436.575851 3892047.096649 50.000000
497 379622.476675 3891935.847596 50.000000
498 379782.082762 3891806.071386 50.000000
499 378874.251519 3892040.022059 50.000000
500 379036.638534 3892228.539360 50.000000
501 379227.246740 3892156.698605 50.000000
502 379439.525036 3892268.682289 50.000000
503 379625.423855 3892157.632776 50.000000
504 379785.026349 3892027.889745 50.000000
505 378877.217565 3892261.840792 50.000000
506 379039.600495 3892450.335917 50.000000
507 379230.201153 3892378.284348 50.000000
508 379442.474367 3892490.267998 50.000000
509 379628.371330 3892379.429117 50.000000
510 379787.970082 3892249.708174 50.000000
511 378880.183759 3892483.659594 50.000000
512 379042.562456 3892672.121453 50.000000
513 379233.155566 3892599.859070 50.000000
514 379445.423845 3892711.853777 50.000000
515 379631.318804 3892601.214436 50.000000
516 379790.913962 3892471.526673 50.000000
517 378883.150102 3892705.478466 50.000000
518 379045.524564 3892893.907058 50.000000
519 379236.110273 3892821.444953 50.000000
520 379448.373470 3892933.439625 50.000000
521 379634.266425 3892822.999824 50.000000
522 379793.857989 3892693.345240 50.000000
523 378886.116592 3892927.297407 50.000000
524 379048.486968 3893115.703824 50.000000
525 379239.065128 3893043.030904 50.000000
526 379451.323242 3893155.025542 50.000000
527 379637.214193 3893044.785283 50.000000
528 379796.802163 3892915.163878 50.000000
529 378889.083230 3893149.116417 50.000000
530 379051.449372 3893337.489567 50.000000
531 379242.019982 3893264.605834 50.000000
532 379454.273161 3893376.611529 50.000000
533 379640.162256 3893266.581901 50.000000
534 379799.746483 3893136.982585 50.000000
535 378892.050015 3893370.935497 50.000000
536 379054.412071 3893559.286472 50.000000
537 379244.975130 3893486.191925 50.000000
538 379457.223227 3893598.197585 50.000000
539 379643.110318 3893488.367498 50.000000
540 379802.690950 3893358.801361 50.000000
541 378895.016949 3893592.754647 50.000000
542 379057.374770 3893781.072355 50.000000
543 379247.930279 3893707.766993 50.000000
544 379460.173439 3893819.783710 50.000000
545 379646.058526 3893710.153165 50.000000
546 379805.635564 3893580.620207 50.000000
547 378897.984031 3893814.573866 50.000000
548 379060.337617 3894002.858307 50.000000
549 379250.885722 3893929.353222 50.000000
550 379463.123799 3894041.369905 50.000000
551 379649.006882 3893931.938901 50.000000
552 379808.580325 3893802.439123 50.000000
553 378900.951260 3894036.393154 50.000000
554 379063.300759 3894224.655419 50.000000
555 379253.841312 3894150.939520 50.000000
556 379466.074305 3894262.956169 50.000000
557 379651.955385 3894153.724706 50.000000
558 379811.525232 3894024.258107 50.000000
559 378903.918637 3894258.212512 50.000000
560 379066.263901 3894446.441510 50.000000
561 379256.796901 3894372.514797 50.000000
562 379469.024811 3894484.531411 50.000000
563 379654.904034 3894375.510581 50.000000
564 379814.470286 3894246.077162 50.000000
565 378906.886163 3894480.031939 50.000000
566 379069.227190 3894668.227671 50.000000
567 379259.843838 3894594.100019 50.000000
568 379471.975168 3894706.084541 50.000000
569 379657.852831 3894597.296526 50.000000
570 379817.415487 3894467.896286 50.000000
571 378909.853835 3894701.851436 50.000000
572 379072.099430 3894890.004027 50.000000
573 379262.799867 3894815.686525 50.000000
574 379475.015390 3894927.536709 50.000000
575 379660.801627 3894819.071449 50.000000
576 379820.360835 3894689.715479 50.000000
577 378912.821656 3894923.671002 50.000000
578 379074.787357 3895111.605429 50.000000
579 379265.842208 3895036.905884 50.000000
580 379477.410160 3895148.376339 50.000000
581 379663.749537 3895040.768805 50.000000
582 379823.306329 3894911.534742 50.000000
583 378915.789625 3895145.490638 50.000000
584 379080.221301 3895334.257318 50.000000
585 379267.819822 3895260.213901 50.000000
586 379480.285335 3895364.251096 50.000000
587 379666.692579 3895262.089137 50.000000
588 379826.251970 3895133.354075 50.000000
589 378918.757742 3895367.310343 50.000000
590 379084.750818 3895550.554000 50.000000
591 379281.852761 3895479.345498 50.000000
592 379509.327606 3895548.439846 50.000000
593 379673.580586 3895478.764602 50.000000
594 379829.197758 3895355.173477 50.000000
595 378921.726006 3895589.130117 50.000000
596 379089.238915 3895791.000700 50.000000
597 379258.011279 3895671.605093 50.000000
598 379452.403689 3895670.521663 50.000000
599 379668.160275 3895680.572885 50.000000
600 379832.143693 3895576.992948 50.000000
601 378924.694418 3895810.949961 50.000000
602 378927.662978 3896032.769874 50.000000
603 379109.737682 3896030.334987 50.000000
604 379205.866343 3895864.874999 50.000000
605 379376.871729 3895851.500463 50.000000
606 379557.129058 3895849.098955 50.000000
607 379724.847299 3895862.397846 50.000000
608 379835.089774 3895798.812489 50.000000
609 379291.812337 3896027.903766 50.000000
610 379473.886942 3896025.476211 50.000000
611 379655.961497 3896023.052322 50.000000
612 379838.036002 3896020.632100 50.000000
