Node Number = 612
378814.059547 3873848.693318 50.000000
378996.579742 3873846.268222 50.000000
379179.099886 3873843.846783 50.000000
379361.619979 3873841.429001 50.000000
378794.682796 3874045.756089 50.000000
378631.539301 3873851.122070 50.000000
378972.186869 3874037.052090 50.000000
379111.935494 3874037.637639 50.000000
379265.879300 3874028.053929 50.000000
379409.409883 3874010.956733 50.000000
379544.140022 3873839.014877 50.000000
378634.493209 3874072.935116 50.000000
378793.971774 3874266.796984 50.000000
378955.030912 3874222.859244 50.000000
379115.568463 3874215.181948 50.000000
379233.504869 3874319.430513 50.000000
379402.845323 3874211.519869 50.000000
379547.071708 3874060.827613 50.000000
378637.447265 3874294.748231 50.000000
378802.358271 3874485.598256 50.000000
379000.770024 3874423.072371 50.000000
379203.239355 3874542.504503 50.000000
379390.064598 3874418.199728 50.000000
379550.003541 3874282.640420 50.000000
378640.401469 3874516.561415 50.000000
378803.024707 3874707.242158 50.000000
378993.490633 3874651.543718 50.000000
379206.902687 3874763.753366 50.000000
379392.607704 3874637.910307 50.000000
379552.935521 3874504.453295 50.000000
378643.355821 3874738.374668 50.000000
378806.067720 3874929.142929 50.000000
378997.260571 3874873.556711 50.000000
379209.839524 3874985.267060 50.000000
379396.073747 3874858.385222 50.000000
379555.867648 3874726.266240 50.000000
378646.310322 3874960.187991 50.000000
378809.018153 3875150.934076 50.000000
379000.203201 3875095.114873 50.000000
379212.777095 3875206.825187 50.000000
379399.009748 3875080.176150 50.000000
379558.799922 3874948.079254 50.000000
378649.264971 3875182.001383 50.000000
378811.968734 3875372.725293 50.000000
379003.145980 3875316.673104 50.000000
379215.715108 3875428.405564 50.000000
379401.945750 3875301.956057 50.000000
379561.732344 3875169.892338 50.000000
378652.219767 3875403.814844 50.000000
378814.919316 3875594.505488 50.000000
379006.089200 3875538.253585 50.000000
379218.653268 3875649.986010 50.000000
379404.881898 3875523.736032 50.000000
379564.664912 3875391.705491 50.000000
378655.174712 3875625.628375 50.000000
378817.870046 3875816.285752 50.000000
379009.032420 3875759.823045 50.000000
379221.591575 3875871.566525 50.000000
379407.818341 3875745.527168 50.000000
379567.597627 3875613.518713 50.000000
378658.129806 3875847.441975 50.000000
378820.821071 3876038.077177 50.000000
379011.975935 3875981.403665 50.000000
379224.530030 3876093.147109 50.000000
379410.754783 3875967.307283 50.000000
379570.530490 3875835.332005 50.000000
378661.085047 3876069.255644 50.000000
378823.772096 3876259.857580 50.000000
379014.919597 3876202.984354 50.000000
379227.468631 3876314.727763 50.000000
379413.691373 3876189.087467 50.000000
379573.463499 3876057.145366 50.000000
378664.040436 3876291.069382 50.000000
378826.723417 3876481.649143 50.000000
379017.863260 3876424.554022 50.000000
379230.407380 3876536.308486 50.000000
379416.628111 3876410.867720 50.000000
379576.396655 3876278.958796 50.000000
378666.995974 3876512.883190 50.000000
378829.674738 3876703.429685 50.000000
379020.807217 3876646.134849 50.000000
379233.346275 3876757.889278 50.000000
379419.565142 3876632.659134 50.000000
379579.329959 3876500.772296 50.000000
378669.951660 3876734.697067 50.000000
378832.626207 3876925.210296 50.000000
379023.751321 3876867.715746 50.000000
379236.285318 3876979.470139 50.000000
379422.502173 3876854.439525 50.000000
379582.263409 3876722.585865 50.000000
378672.907493 3876956.511014 50.000000
378835.577972 3877147.002067 50.000000
379026.695426 3877089.285621 50.000000
379239.224508 3877201.051069 50.000000
379425.439352 3877076.219987 50.000000
379585.197007 3876944.399503 50.000000
378675.863475 3877178.325029 50.000000
378838.529737 3877368.782816 50.000000
379029.639825 3877310.866656 50.000000
379242.163845 3877422.632069 50.000000
379428.376678 3877298.000517 50.000000
379588.130751 3877166.213211 50.000000
378678.819605 3877400.139114 50.000000
378841.481797 3877590.574726 50.000000
379032.584372 3877532.447760 50.000000
379245.103329 3877644.213138 50.000000
379431.314298 3877519.792208 50.000000
379591.064643 3877388.026988 50.000000
378681.775884 3877621.953269 50.000000
378844.433858 3877812.355614 50.000000
379035.528919 3877754.017842 50.000000
379248.042961 3877865.794276 50.000000
379434.251918 3877741.572877 50.000000
379593.998681 3877609.840835 50.000000
378684.732310 3877843.767492 50.000000
378847.386066 3878034.136572 50.000000
379038.473760 3877975.599085 50.000000
379250.982739 3878087.375483 50.000000
379437.189686 3877963.353616 50.000000
379596.932867 3877831.654751 50.000000
378687.688884 3878065.581785 50.000000
378850.338570 3878255.928689 50.000000
379041.418749 3878197.180397 50.000000
379253.922665 3878308.956759 50.000000
379440.127600 3878185.134424 50.000000
379599.867199 3878053.468736 50.000000
378690.645607 3878287.396148 50.000000
378853.291075 3878477.709785 50.000000
379044.363738 3878418.750687 50.000000
379256.862590 3878530.527014 50.000000
379443.065809 3878406.926392 50.000000
379602.801679 3878275.282790 50.000000
378693.602478 3878509.210579 50.000000
378856.243727 3878699.490951 50.000000
379047.309021 3878640.332137 50.000000
379259.802810 3878752.108429 50.000000
379446.004018 3878628.707339 50.000000
379605.736305 3878497.096915 50.000000
378696.559496 3878731.025080 50.000000
378859.196675 3878921.283276 50.000000
379050.254452 3878861.913656 50.000000
379262.743177 3878973.689913 50.000000
379448.942374 3878850.488355 50.000000
379608.671079 3878718.911108 50.000000
378699.516663 3878952.839650 50.000000
378862.149622 3879143.064580 50.000000
379053.199883 3879083.484154 50.000000
379265.683691 3879195.271466 50.000000
379451.880877 3879072.269440 50.000000
379611.605999 3878940.725371 50.000000
378702.473978 3879174.654290 50.000000
378865.102866 3879364.857044 50.000000
379056.145608 3879305.065812 50.000000
379268.624352 3879416.853089 50.000000
379454.819674 3879294.061685 50.000000
379614.541067 3879162.539703 50.000000
378705.431441 3879396.468999 50.000000
378868.056109 3879586.638487 50.000000
379059.091481 3879526.647538 50.000000
379271.565160 3879638.434780 50.000000
379457.758471 3879515.842910 50.000000
379617.476281 3879384.354105 50.000000
378708.389052 3879618.283777 50.000000
378871.009501 3879808.419999 50.000000
379062.037354 3879748.218244 50.000000
379274.506115 3879860.016541 50.000000
379460.697416 3879737.624203 50.000000
379620.411643 3879606.168575 50.000000
378711.346812 3879840.098625 50.000000
378873.963188 3880030.212671 50.000000
379064.983522 3879969.800109 50.000000
379277.447218 3880081.598371 50.000000
379463.636507 3879959.405566 50.000000
379623.347151 3879827.983116 50.000000
378714.304719 3880061.913541 50.000000
378876.916875 3880251.994322 50.000000
379067.929689 3880191.370953 50.000000
379280.388467 3880303.180271 50.000000
379466.575893 3880181.198089 50.000000
379626.282807 3880049.797726 50.000000
378717.262774 3880283.728528 50.000000
378879.870858 3880473.787133 50.000000
379070.876152 3880412.952957 50.000000
379283.329864 3880524.762239 50.000000
379469.515279 3880402.979590 50.000000
379629.218609 3880271.612405 50.000000
378720.220978 3880505.543583 50.000000
378882.824840 3880695.568922 50.000000
379073.822761 3880634.535029 50.000000
379286.271407 3880746.344277 50.000000
379472.454812 3880624.761161 50.000000
379632.154558 3880493.427153 50.000000
378723.179329 3880727.358708 50.000000
378885.778971 3880917.350781 50.000000
379076.769371 3880856.106081 50.000000
379289.213098 3880967.926384 50.000000
379475.394492 3880846.542801 50.000000
379635.090654 3880715.241971 50.000000
378726.137829 3880949.173902 50.000000
378888.733397 3881139.143799 50.000000
379079.716275 3881077.688292 50.000000
379292.154935 3881189.508560 50.000000
379478.243279 3881068.336810 50.000000
379638.026898 3880937.056858 50.000000
378729.096477 3881170.989166 50.000000
378891.687823 3881360.925797 50.000000
379082.663327 3881299.270573 50.000000
379295.096920 3881411.090806 50.000000
379481.183255 3881290.118589 50.000000
379640.963288 3881158.871815 50.000000
378732.055272 3881392.804499 50.000000
378894.642545 3881582.718954 50.000000
379085.610378 3881520.841832 50.000000
379298.039052 3881632.673121 50.000000
379484.123379 3881511.900438 50.000000
379643.899825 3881380.686841 50.000000
378735.014216 3881614.619901 50.000000
378897.597267 3881804.501090 50.000000
379088.557724 3881742.424251 50.000000
379300.981331 3881854.255505 50.000000
379487.063650 3881733.682356 50.000000
379646.836509 3881602.501937 50.000000
378737.973308 3881836.435373 50.000000
378900.552137 3882026.283295 50.000000
379091.505218 3881964.006739 50.000000
379304.014934 3882075.836747 50.000000
379490.004215 3881955.475434 50.000000
379649.773340 3881824.317102 50.000000
378740.932548 3882058.250914 50.000000
378903.507302 3882248.076661 50.000000
379094.452711 3882185.578206 50.000000
379306.957505 3882297.419269 50.000000
379492.944780 3882177.257490 50.000000
379652.710318 3882046.132336 50.000000
378743.891936 3882280.066524 50.000000
378906.462468 3882469.859005 50.000000
379097.400499 3882407.160832 50.000000
379309.900223 3882519.001861 50.000000
379495.885492 3882399.039616 50.000000
379655.647443 3882267.947640 50.000000
378746.851472 3882501.882203 50.000000
378909.417781 3882691.641418 50.000000
379100.348435 3882628.743528 50.000000
379312.843088 3882740.584522 50.000000
379498.826351 3882620.821811 50.000000
379658.584715 3882489.763013 50.000000
378749.811156 3882723.697952 50.000000
378912.373389 3882913.434992 50.000000
379103.296370 3882850.315203 50.000000
379315.786100 3882962.167252 50.000000
379501.767504 3882842.615167 50.000000
379661.522133 3882711.578455 50.000000
378752.770988 3882945.513771 50.000000
378915.328998 3883135.217544 50.000000
379106.244600 3883071.898037 50.000000
379318.729259 3883183.750052 50.000000
379504.708657 3883064.397501 50.000000
379664.459699 3882933.393967 50.000000
378755.730968 3883167.329658 50.000000
378918.284903 3883357.011256 50.000000
379109.192977 3883293.480941 50.000000
379321.672565 3883405.332920 50.000000
379507.649957 3883286.179904 50.000000
379667.397411 3883155.209549 50.000000
378758.691096 3883389.145616 50.000000
378921.240807 3883578.793947 50.000000
379112.141354 3883515.052823 50.000000
379324.616018 3883626.915858 50.000000
379510.591405 3883507.962377 50.000000
379670.335271 3883377.025200 50.000000
378761.651372 3883610.961642 50.000000
378924.196859 3883800.576707 50.000000
379115.090026 3883736.635865 50.000000
379327.559618 3883848.498865 50.000000
379513.533146 3883729.756010 50.000000
379673.273277 3883598.840920 50.000000
378764.611796 3883832.777738 50.000000
378927.153207 3884022.370627 50.000000
379118.038845 3883958.218976 50.000000
379330.503217 3884070.070851 50.000000
379516.474888 3883951.538622 50.000000
379676.211431 3883820.656709 50.000000
378767.572369 3884054.593903 50.000000
378930.109554 3884244.153526 50.000000
379120.987664 3884179.791066 50.000000
379333.447111 3884291.653996 50.000000
379519.416776 3884173.321303 50.000000
379679.149731 3884042.472569 50.000000
378770.533089 3884276.410137 50.000000
378933.066198 3884465.947585 50.000000
379123.936778 3884401.374316 50.000000
379336.391153 3884513.237211 50.000000
379522.358812 3884395.104053 50.000000
379682.088178 3884264.288497 50.000000
378773.493957 3884498.226441 50.000000
378936.022841 3884687.730622 50.000000
379126.886039 3884622.957635 50.000000
379339.335341 3884734.820496 50.000000
379525.300995 3884616.886873 50.000000
379685.026772 3884486.104495 50.000000
378776.454973 3884720.042814 50.000000
378938.979632 3884909.513729 50.000000
379129.835300 3884844.529932 50.000000
379342.279676 3884956.403849 50.000000
379528.243472 3884838.680853 50.000000
379687.965513 3884707.920562 50.000000
378779.416137 3884941.859257 50.000000
378941.936719 3885131.307996 50.000000
379132.784855 3885066.113390 50.000000
379345.224158 3885177.987272 50.000000
379531.185948 3885060.463811 50.000000
379690.904401 3884929.736699 50.000000
378782.377450 3885163.675769 50.000000
378944.893805 3885353.091242 50.000000
379135.734558 3885287.696917 50.000000
379348.168787 3885399.570764 50.000000
379534.128572 3885282.246839 50.000000
379693.843435 3885151.552905 50.000000
378785.338910 3885385.492350 50.000000
378947.851187 3885574.885647 50.000000
379138.684260 3885509.269422 50.000000
379351.113563 3885621.154325 50.000000
379537.071343 3885504.029937 50.000000
379696.782617 3885373.369181 50.000000
378788.300518 3885607.309001 50.000000
378950.808569 3885796.669032 50.000000
379141.634258 3885730.853087 50.000000
379354.058486 3885842.737955 50.000000
379540.014408 3885725.824194 50.000000
379699.721945 3885595.185526 50.000000
378791.262274 3885829.125721 50.000000
378953.766099 3886018.452485 50.000000
379144.584402 3885952.436822 50.000000
379357.003556 3886064.321655 50.000000
379542.957473 3885947.607430 50.000000
379702.661421 3885817.001940 50.000000
378794.224179 3886050.942511 50.000000
378956.723924 3886240.247099 50.000000
379147.534546 3886174.009535 50.000000
379359.948773 3886285.905424 50.000000
379545.900685 3886169.390736 50.000000
379705.601043 3886038.818424 50.000000
378797.186231 3886272.759370 50.000000
378959.681750 3886462.030692 50.000000
379150.484985 3886395.593408 50.000000
379362.894137 3886507.489262 50.000000
379548.844044 3886391.174111 50.000000
379708.540812 3886260.634978 50.000000
378800.148431 3886494.576298 50.000000
378962.639723 3886683.814354 50.000000
379153.435571 3886617.177350 50.000000
379365.839648 3886729.073170 50.000000
379551.787697 3886612.968646 50.000000
379711.480728 3886482.451601 50.000000
378803.110779 3886716.393296 50.000000
378965.597991 3886905.609176 50.000000
379156.386157 3886838.750271 50.000000
379368.785306 3886950.657147 50.000000
379554.731350 3886834.752160 50.000000
379714.420791 3886704.268293 50.000000
378806.073275 3886938.210363 50.000000
378968.556260 3887127.392976 50.000000
379159.337038 3887060.334352 50.000000
379371.731111 3887172.241193 50.000000
379557.675150 3887056.535743 50.000000
379717.361001 3886926.085055 50.000000
378809.035919 3887160.027499 50.000000
378971.514824 3887349.187937 50.000000
379162.288066 3887281.918502 50.000000
379374.677063 3887393.825309 50.000000
379560.619097 3887278.319396 50.000000
379720.301357 3887147.901886 50.000000
378811.998711 3887381.844705 50.000000
378974.473388 3887570.971876 50.000000
379165.239093 3887503.491630 50.000000
379377.623162 3887615.409493 50.000000
379563.563338 3887500.114209 50.000000
379723.241860 3887369.718786 50.000000
378814.961651 3887603.661980 50.000000
378977.432100 3887792.755885 50.000000
379168.190416 3887725.075919 50.000000
379380.569408 3887836.993747 50.000000
379566.507580 3887721.898001 50.000000
379726.182511 3887591.535756 50.000000
378817.924739 3887825.479325 50.000000
378980.391107 3888014.551054 50.000000
379171.141738 3887946.649186 50.000000
379383.515801 3888058.578070 50.000000
379569.451968 3887943.681862 50.000000
379729.123308 3887813.352796 50.000000
378820.887975 3888047.296739 50.000000
378983.350114 3888236.335202 50.000000
379174.093355 3888168.233613 50.000000
379386.462341 3888280.162463 50.000000
379572.396503 3888165.465792 50.000000
379732.064252 3888035.169905 50.000000
378823.851359 3888269.114222 50.000000
378986.309417 3888458.130509 50.000000
379177.045119 3888389.818110 50.000000
379389.409028 3888501.746925 50.000000
379575.341185 3888387.249792 50.000000
379735.005342 3888256.987083 50.000000
378826.814891 3888490.931775 50.000000
378989.268719 3888679.914796 50.000000
379179.996882 3888611.391584 50.000000
379392.355861 3888723.331456 50.000000
379578.286161 3888609.044952 50.000000
379737.946580 3888478.804331 50.000000
378829.778571 3888712.749397 50.000000
378992.228170 3888901.699151 50.000000
379182.948940 3888832.976219 50.000000
379395.302842 3888944.916057 50.000000
379581.231137 3888830.829090 50.000000
379740.887965 3888700.621649 50.000000
378832.742398 3888934.567089 50.000000
378995.187916 3889123.494667 50.000000
379185.901146 3889054.560924 50.000000
379398.249970 3889166.500726 50.000000
379584.176260 3889052.613299 50.000000
379743.829496 3888922.439035 50.000000
378835.706374 3889156.384849 50.000000
378998.147661 3889345.279162 50.000000
379188.853351 3889276.134606 50.000000
379401.197244 3889388.085465 50.000000
379587.121530 3889274.397576 50.000000
379746.771174 3889144.256492 50.000000
378838.670498 3889378.202680 50.000000
379001.107703 3889567.074817 50.000000
379191.805851 3889497.719449 50.000000
379404.144666 3889609.670274 50.000000
379590.067094 3889496.193014 50.000000
379749.712999 3889366.074017 50.000000
378841.634769 3889600.020580 50.000000
379004.067744 3889788.859450 50.000000
379194.758498 3889719.304361 50.000000
379407.092234 3889831.255151 50.000000
379593.012658 3889717.977430 50.000000
379752.654971 3889587.891613 50.000000
378844.599189 3889821.838549 50.000000
379007.027932 3890010.644152 50.000000
379197.711145 3889940.878252 50.000000
379410.039949 3890052.840098 50.000000
379595.958369 3889939.761916 50.000000
379755.597089 3889809.709277 50.000000
378847.563756 3890043.656588 50.000000
379009.988417 3890232.440015 50.000000
379200.664087 3890162.463303 50.000000
379412.987812 3890274.425114 50.000000
379598.904227 3890161.546471 50.000000
379758.539354 3890031.527011 50.000000
378850.528471 3890265.474696 50.000000
379012.948901 3890454.224857 50.000000
379203.617175 3890384.048423 50.000000
379415.935821 3890496.010200 50.000000
379601.850379 3890383.342187 50.000000
379761.481767 3890253.344815 50.000000
378853.493335 3890487.292873 50.000000
379015.909681 3890676.020859 50.000000
379206.570263 3890605.622521 50.000000
379418.883977 3890717.595355 50.000000
379604.796531 3890605.126881 50.000000
379764.424326 3890475.162688 50.000000
378856.458346 3890709.111120 50.000000
379018.870460 3890897.805839 50.000000
379209.523647 3890827.207780 50.000000
379421.832132 3890939.169488 50.000000
379607.742829 3890826.911645 50.000000
379767.367031 3890696.980631 50.000000
378859.423505 3890930.929436 50.000000
379021.831387 3891119.590889 50.000000
379212.477177 3891048.793108 50.000000
379424.780582 3891160.754782 50.000000
379610.689275 3891048.696478 50.000000
379770.309884 3890918.798643 50.000000
378862.388812 3891152.747822 50.000000
379024.792610 3891341.387099 50.000000
379215.430706 3891270.367414 50.000000
379427.729179 3891382.340144 50.000000
379613.635868 3891270.481380 50.000000
379773.252883 3891140.616724 50.000000
378865.354267 3891374.566277 50.000000
379027.753832 3891563.172287 50.000000
379218.384531 3891491.952880 50.000000
379430.677923 3891603.925576 50.000000
379616.582755 3891492.277443 50.000000
379776.196030 3891362.434875 50.000000
378868.319869 3891596.384802 50.000000
379030.715351 3891784.968636 50.000000
379221.338503 3891713.538416 50.000000
379433.626814 3891825.511078 50.000000
379619.529641 3891714.062485 50.000000
379779.139323 3891584.253096 50.000000
378871.285620 3891818.203396 50.000000
379033.676868 3892006.753964 50.000000
379224.292474 3891935.112930 50.000000
379436.575851 3892047.096649 50.000000
379622.476675 3891935.847596 50.000000
379782.082762 3891806.071386 50.000000
378874.251519 3892040.022059 50.000000
379036.638534 3892228.539360 50.000000
379227.246740 3892156.698605 50.000000
379439.525036 3892268.682289 50.000000
379625.423855 3892157.632776 50.000000
379785.026349 3892027.889745 50.000000
378877.217565 3892261.840792 50.000000
379039.600495 3892450.335917 50.000000
379230.201153 3892378.284348 50.000000
379442.474367 3892490.267998 50.000000
379628.371330 3892379.429117 50.000000
379787.970082 3892249.708174 50.000000
378880.183759 3892483.659594 50.000000
379042.562456 3892672.121453 50.000000
379233.155566 3892599.859070 50.000000
379445.423845 3892711.853777 50.000000
379631.318804 3892601.214436 50.000000
379790.913962 3892471.526673 50.000000
378883.150102 3892705.478466 50.000000
379045.524564 3892893.907058 50.000000
379236.110273 3892821.444953 50.000000
379448.373470 3892933.439625 50.000000
379634.266425 3892822.999824 50.000000
379793.857989 3892693.345240 50.000000
378886.116592 3892927.297407 50.000000
379048.486968 3893115.703824 50.000000
379239.065128 3893043.030904 50.000000
379451.323242 3893155.025542 50.000000
379637.214193 3893044.785283 50.000000
379796.802163 3892915.163878 50.000000
378889.083230 3893149.116417 50.000000
379051.449372 3893337.489567 50.000000
379242.019982 3893264.605834 50.000000
379454.273161 3893376.611529 50.000000
379640.162256 3893266.581901 50.000000
379799.746483 3893136.982585 50.000000
378892.050015 3893370.935497 50.000000
379054.412071 3893559.286472 50.000000
379244.975130 3893486.191925 50.000000
379457.223227 3893598.197585 50.000000
379643.110318 3893488.367498 50.000000
379802.690950 3893358.801361 50.000000
378895.016949 3893592.754647 50.000000
379057.374770 3893781.072355 50.000000
379247.930279 3893707.766993 50.000000
379460.173439 3893819.783710 50.000000
379646.058526 3893710.153165 50.000000
379805.635564 3893580.620207 50.000000
378897.984031 3893814.573866 50.000000
379060.337617 3894002.858307 50.000000
379250.885722 3893929.353222 50.000000
379463.123799 3894041.369905 50.000000
379649.006882 3893931.938901 50.000000
379808.580325 3893802.439123 50.000000
378900.951260 3894036.393154 50.000000
379063.300759 3894224.655419 50.000000
379253.841312 3894150.939520 50.000000
379466.074305 3894262.956169 50.000000
379651.955385 3894153.724706 50.000000
379811.525232 3894024.258107 50.000000
378903.918637 3894258.212512 50.000000
379066.263901 3894446.441510 50.000000
379256.796901 3894372.514797 50.000000
379469.024811 3894484.531411 50.000000
379654.904034 3894375.510581 50.000000
379814.470286 3894246.077162 50.000000
378906.886163 3894480.031939 50.000000
379069.227190 3894668.227671 50.000000
379259.843838 3894594.100019 50.000000
379471.975168 3894706.084541 50.000000
379657.852831 3894597.296526 50.000000
379817.415487 3894467.896286 50.000000
378909.853835 3894701.851436 50.000000
379072.099430 3894890.004027 50.000000
379262.799867 3894815.686525 50.000000
379475.015390 3894927.536709 50.000000
379660.801627 3894819.071449 50.000000
379820.360835 3894689.715479 50.000000
378912.821656 3894923.671002 50.000000
379074.787357 3895111.605429 50.000000
379265.842208 3895036.905884 50.000000
379477.410160 3895148.376339 50.000000
379663.749537 3895040.768805 50.000000
379823.306329 3894911.534742 50.000000
378915.789625 3895145.490638 50.000000
379080.221301 3895334.257318 50.000000
379267.819822 3895260.213901 50.000000
379480.285335 3895364.251096 50.000000
379666.692579 3895262.089137 50.000000
379826.251970 3895133.354075 50.000000
378918.757742 3895367.310343 50.000000
379084.750818 3895550.554000 50.000000
379281.852761 3895479.345498 50.000000
379509.327606 3895548.439846 50.000000
379673.580586 3895478.764602 50.000000
379829.197758 3895355.173477 50.000000
378921.726006 3895589.130117 50.000000
379089.238915 3895791.000700 50.000000
379258.011279 3895671.605093 50.000000
379452.403689 3895670.521663 50.000000
379668.160275 3895680.572885 50.000000
379832.143693 3895576.992948 50.000000
378924.694418 3895810.949961 50.000000
378927.662978 3896032.769874 50.000000
379109.737682 3896030.334987 50.000000
379205.866343 3895864.874999 50.000000
379376.871729 3895851.500463 50.000000
379557.129058 3895849.098955 50.000000
379724.847299 3895862.397846 50.000000
379835.089774 3895798.812489 50.000000
379291.812337 3896027.903766 50.000000
379473.886942 3896025.476211 50.000000
379655.961497 3896023.052322 50.000000
379838.036002 3896020.632100 50.000000
