Node Number = 286
390130.218375 3873705.252428 35.000000
388852.596768 3873720.743459 35.000000
387574.972871 3873736.413660 35.000000
386297.346660 3873752.263034 35.000000
385019.718107 3873768.291584 35.000000
383742.087187 3873784.499312 35.000000
382464.453872 3873800.886222 35.000000
381186.818137 3873817.452316 35.000000
379909.179955 3873834.197598 35.000000
390358.668541 3874911.027451 35.010895
391407.837719 3873689.940564 35.000000
389219.733850 3875015.250559 35.011711
388049.507798 3875051.928631 35.011913
386828.487881 3875054.758133 35.011802
385604.597627 3875076.699628 35.011862
384375.793539 3875092.767223 35.011867
383145.246322 3875108.446168 35.011867
381922.454006 3875131.323324 35.011931
380735.606728 3875118.597629 35.011677
379539.490653 3875192.593456 35.012202
378631.539301 3873851.122070 35.000000
391422.110553 3874887.709646 35.010800
390642.893249 3875955.890831 35.020346
389736.517370 3876212.421370 35.022560
388625.620349 3876454.272727 35.024619
387386.065172 3876307.804365 35.023161
386205.912904 3876355.020101 35.023454
385029.640057 3876376.694641 35.023516
383852.737252 3876384.918883 35.023456
382667.933154 3876389.403723 35.023359
381456.587313 3876598.590431 35.025104
380396.979051 3876275.876035 35.022070
379547.729346 3876643.486371 35.025283
378663.449347 3876246.706629 35.021600
378647.492164 3875048.913339 35.010800
391436.387252 3876085.480772 35.021600
390632.414018 3877218.098329 35.031724
389635.842561 3877497.113811 35.034131
388645.578663 3878137.936122 35.039800
387797.506564 3877456.051799 35.033558
386748.025241 3877573.648692 35.034501
385638.930541 3877613.970758 35.034740
384515.450181 3877634.810819 35.034800
383387.311276 3877612.644228 35.034470
382295.007412 3877723.884929 35.035347
381358.539735 3878261.031659 35.040079
380433.948862 3877638.657866 35.034360
379448.306542 3877810.771214 35.035794
378679.410849 3877444.501940 35.032400
391450.667816 3877283.253942 35.032400
391464.952245 3878481.029156 35.043200
390593.837316 3878532.424266 35.043569
389718.579632 3878798.498224 35.045873
388951.335815 3879353.012656 35.050788
388093.339615 3879559.205470 35.052552
387460.659448 3878650.798933 35.044292
386384.934518 3878766.715778 35.045217
385237.853489 3878886.600009 35.046168
384041.192510 3878814.940919 35.045385
383046.962916 3878717.218290 35.044389
382217.016434 3879177.027013 35.048438
381338.463530 3879673.511112 35.052811
380455.547234 3879095.166092 35.047493
379579.732685 3878903.554149 35.045661
378695.376671 3878642.299271 35.043200
391479.240538 3879678.806414 35.054000
390615.707616 3879774.692605 35.054771
389760.304266 3880081.081723 35.057440
388867.787717 3880517.985930 35.061281
387989.965883 3880860.293746 35.064270
387187.767402 3879897.924949 35.055505
386294.730352 3879950.209071 35.055876
385369.917345 3880093.373620 35.057062
384406.342317 3879947.712852 35.055639
383246.074332 3879958.450884 35.055602
382247.538946 3880463.588905 35.060040
381343.704052 3880941.980947 35.064247
380455.423854 3880376.721351 35.059046
379581.399037 3880125.078875 35.056673
378711.346812 3879840.098625 35.054000
391493.532694 3880876.585717 35.064800
390636.330903 3881011.664998 35.065925
389771.195547 3881318.008597 35.068593
388895.194406 3881753.040200 35.072419
388011.827932 3882109.217566 35.075532
387055.039710 3881225.793579 35.067461
385990.977009 3881068.951054 35.065927
384931.553877 3881152.368565 35.066559
383969.497467 3880996.234051 35.065041
383116.959075 3881331.166526 35.067962
382226.389336 3881738.753741 35.071533
381346.462358 3882187.357490 35.075474
380466.041539 3881621.332452 35.070267
379593.712427 3881351.090528 35.067727
378727.321270 3881037.899999 35.064800
391507.828714 3882074.367064 35.075600
390648.958081 3882228.037751 35.076893
389787.191971 3882546.889396 35.079673
388918.967708 3882981.696425 35.083498
388055.874907 3883367.698035 35.086882
387163.537767 3882597.213393 35.079837
386342.222230 3882070.887515 35.074999
385401.668177 3882243.005932 35.076445
384152.418285 3882188.905960 35.075814
383125.033670 3882590.254499 35.079314
382231.863074 3882984.447088 35.082763
381354.884791 3883418.985191 35.086578
380478.155593 3882854.456329 35.081385
379608.336609 3882572.148609 35.078737
378743.300046 3882235.703396 35.075600
391522.128596 3883272.150457 35.086400
390664.792054 3883445.339101 35.087869
389804.794321 3883772.558334 35.090725
388942.187746 3884209.696025 35.094571
388078.247228 3884598.683648 35.097982
387185.520672 3883860.783101 35.091231
386281.158946 3883195.711091 35.085133
385506.170921 3883610.684974 35.088786
384772.208444 3883078.507776 35.083905
383982.831760 3883497.900444 35.087595
383102.124769 3883857.108991 35.090732
382232.344527 3884224.239679 35.093940
381364.843356 3884642.087009 35.097605
380491.186063 3884080.581984 35.092440
379623.376783 3883789.831158 35.089716
378759.283140 3883433.508815 35.086400
391536.432340 3884469.935895 35.097200
390680.325442 3884660.083915 35.098822
389822.071158 3884993.663374 35.101735
388962.204842 3885429.062747 35.105566
388102.210192 3885825.425622 35.109044
387219.952394 3885106.241854 35.102462
386324.824437 3884448.064739 35.096428
385528.280891 3884894.603269 35.100364
384785.448767 3884244.571010 35.094419
383987.306177 3884761.804466 35.098990
383105.485617 3885102.707390 35.101961
382239.543832 3885454.185975 35.105029
381375.909269 3885858.787186 35.108575
380504.885736 3885301.742589 35.103451
379638.569427 3885004.907046 35.100671
378775.270549 3884631.316257 35.097200
391550.739946 3885667.723379 35.108000
390695.655743 3885872.792343 35.109756
389838.939629 3886210.882128 35.112711
388981.517429 3886642.772032 35.116510
388125.091752 3887045.627464 35.120047
387247.397168 3886339.621186 35.113585
386358.938788 3885687.717247 35.107608
385555.867597 3886164.445040 35.111815
384789.516075 3885506.347978 35.105794
383985.959350 3886004.676152 35.110194
383108.896010 3886337.381287 35.113092
382247.283939 3886676.118619 35.116046
381387.273867 3887070.016939 35.119496
380518.812177 3886518.975560 35.114425
379653.921496 3886217.908620 35.111608
378791.262274 3885829.125721 35.108000
391565.051413 3886865.512909 35.118800
390710.968732 3887083.750539 35.120675
389855.497157 3887424.723645 35.123656
389000.408834 3887851.619040 35.127410
388147.908455 3888260.408039 35.131001
387272.863366 3887567.713972 35.124659
386391.139735 3886920.196843 35.118722
385585.332491 3887424.126842 35.123174
384803.938665 3886771.922663 35.117205
383995.001637 3887246.774033 35.121393
383119.878108 3887564.949408 35.124160
382256.250099 3887886.689769 35.126960
381396.636589 3888274.086943 35.130351
380533.063800 3887732.845307 35.125370
379669.345890 3887429.147619 35.122529
378807.258315 3887026.937209 35.118800
391579.366741 3888063.304485 35.129600
390726.173947 3888293.015045 35.131579
389872.202732 3888635.459645 35.134573
389018.242784 3889055.722460 35.138268
388169.024966 3889477.541100 35.141976
387300.530567 3888796.824233 35.135743
386416.901831 3888147.922867 35.129793
385575.491860 3888681.289556 35.134506
384801.182175 3888076.497453 35.128966
383978.233913 3888493.852156 35.132634
383114.247298 3888789.883054 35.135202
382265.431672 3889085.313462 35.137767
381398.459994 3889472.533864 35.141156
380543.162821 3888942.401352 35.136275
379684.752616 3888638.713970 35.133435
378823.258671 3888224.750720 35.129600
391593.685929 3889261.098107 35.140400
390741.451203 3889500.384025 35.142465
389887.236742 3889843.311873 35.145463
389034.542446 3890253.313329 35.149066
388156.020487 3890742.206971 35.153376
387331.899231 3890103.759842 35.147528
386481.603153 3889363.571734 35.140760
385711.107539 3889789.144286 35.144509
384783.385575 3889508.864071 35.141877
383882.506808 3889714.289962 35.143625
383015.624683 3890016.628797 35.146250
382186.614522 3890186.368501 35.147683
381438.909877 3890691.076863 35.152145
380560.768740 3890154.223414 35.147202
379700.871776 3889846.697811 35.144327
378839.263340 3889422.566254 35.140400
391608.008977 3890458.893777 35.151200
390756.972058 3890704.979105 35.153326
389905.377980 3891044.162458 35.156291
389057.448078 3891447.031777 35.159830
388184.882818 3891914.535074 35.163948
387202.883225 3891581.765192 35.160838
386502.280949 3890643.822161 35.152304
385528.951045 3890754.100066 35.153188
384574.362641 3890746.474253 35.153010
383601.967106 3890856.704370 35.153891
382476.600633 3891280.872109 35.157584
381501.180925 3891878.775822 35.162860
380578.556370 3891358.801588 35.158063
379717.327965 3891052.294331 35.155197
378855.272324 3890620.383813 35.151200
391622.335883 3891656.691494 35.162000
390773.518615 3891903.684978 35.164135
389930.431066 3892243.888445 35.167110
389118.431387 3892603.836219 35.170265
388363.912621 3892930.017289 35.173122
387461.080368 3892794.426757 35.171799
386509.172514 3892800.914771 35.171751
386141.706832 3891776.014238 35.162470
385144.470217 3891794.226328 35.162520
384174.061609 3891801.955610 35.162479
383235.812764 3891902.131459 35.163273
382453.339057 3892717.584282 35.170533
381446.567650 3893023.368748 35.173172
380591.436883 3892550.157326 35.168804
379731.306144 3892249.317786 35.165990
378871.285620 3891818.203396 35.162000
391636.666649 3892854.491258 35.172800
390796.448154 3893087.640741 35.174811
389936.084578 3893458.438809 35.178060
389116.963966 3893793.031838 35.180986
388159.599417 3893850.010106 35.181394
387176.514105 3893844.848506 35.181237
386193.095533 3893849.914187 35.181172
385527.770603 3892823.427424 35.171842
384540.639459 3892839.541638 35.171875
383546.472905 3892868.266712 35.172019
383224.583819 3893885.100251 35.181148
382272.723574 3893908.964816 35.181252
381410.177536 3894041.877671 35.182349
380557.161303 3893811.778157 35.180174
379746.970223 3893449.482420 35.176811
378887.303229 3893016.025003 35.172800
391651.001273 3894052.293070 35.183600
390669.571267 3894120.342621 35.184107
389842.147485 3894779.736546 35.189961
388822.110805 3894870.910958 35.190671
387827.633917 3894885.157069 35.190689
386840.788269 3894890.875790 35.190629
385852.375814 3894902.656415 35.190624
385205.572350 3893869.181997 35.181233
384220.828070 3893885.083339 35.181263
383873.224878 3894923.043953 35.190580
382891.061215 3894939.904331 35.190618
381918.599433 3894967.660108 35.190755
380965.001422 3894954.883272 35.190527
380164.394127 3895039.228157 35.191192
379651.731486 3894623.202244 35.187380
378903.325150 3894213.848635 35.183600
390843.678043 3894995.140089 35.192012
391665.339754 3895250.096930 35.194400
390216.203249 3895888.739361 35.200000
389233.014980 3895900.723733 35.200000
388249.825379 3895912.814997 35.200000
387266.634435 3895925.013156 35.200000
386283.442136 3895937.318211 35.200000
385300.248469 3895949.730163 35.200000
384863.423735 3894915.195257 35.190624
384317.053424 3895962.249014 35.200000
383333.856989 3895974.874764 35.200000
382350.659151 3895987.607416 35.200000
381367.459899 3896000.446971 35.200000
380384.259221 3896013.393429 35.200000
379401.057106 3896026.446793 35.200000
378919.351383 3895411.674292 35.194400
391199.390199 3895876.861882 35.200000
